integration, CFL, max_time, error
Euler, 0.9, 0.2, 0.345299792698892
RK4, 0.9, 0.2, 0.3452188049567457
Euler, 10, 0.2, 0.3461268101920153
RK4, 10, 0.2, 0.3452188049580759
Euler, 20, 0.2, 0.34705317908130223
RK4, 20, 0.2, 0.3452188049557864
Euler, 30, 0.2, 0.3480051979210449
RK4, 30, 0.2, 0.3452188050104591
Euler, 40, 0.2, 62919932.80375971
RK4, 40, 0.2, 0.3452188048825747
Euler, 35, 0.2, 0.3485187844646197
RK4, 35, 0.2, 0.345218805130485
Euler, 36, 0.2, 1.1975788479827278
RK4, 36, 0.2, 0.3452188050259038
